%I A085484 #34 Mar 13 2020 11:37:57
%S A085484 1,1,1,2,2,2,8,4,4,8,40,12,8,12,40,224,52,20,20,52,224,1368,276,72,40,
%T A085484 72,276,1368,9008,1644,348,112,112,348,1644,9008,63488,10652,1992,460,
%U A085484 224,460,1992,10652,63488,476160,74140,12644,2452,684,684,2452,12644,74140,476160
%N A085484 Symmetric square array, read by antidiagonals: T(k, k) = T(0, k + 1) = Sum_{m = 0..k} C(k, m)*T(m, k - m) for k >= 0; T(0, 0) = 1; T(n, k) = T(n - 1, k) + T(n, k - 1) for n, k >= 1.
%C A085484 The main diagonal is equal to the first row shifted left.
%C A085484 Antidiagonal sums give A085486. First row is A085485; table is symmetric under transpose, so that first column equals the first row. Second row gives partial sums of first row.
%e A085484 Rows begin:
%e A085484       1     1     2      8     40    224   1368   9008 ...
%e A085484       1     2     4     12     52    276   1644  10652 ...
%e A085484       2     4     8     20     72    348   1992  12644 ...
%e A085484       8    12    20     40    112    460   2452  15096 ...
%e A085484      40    52    72    112    224    684   3136  18232 ...
%e A085484     224   276   348    460    684   1368   4504  22736 ...
%e A085484    1368  1644  1992   2452   3136   4504   9008  31744 ...
%e A085484    9008 10652 12644  15096  18232  22736  31744  63488 ...
%e A085484   63488 74140 86784 101880 120112 142848 174592 238080 ...
%p A085484 A := proc(n,k) option remember;
%p A085484     if n = 0 then
%p A085484         1
%p A085484     elif n > 2*k then
%p A085484         A(n, n-k)
%p A085484     elif k = n then
%p A085484         add(binomial(n-1, i) * A(n-1, i), i = 0 .. n - 1)
%p A085484     else
%p A085484         A(n-1,k)+A(n-1,k-1)
%p A085484     end if
%p A085484 end proc:
%p A085484 for n from 0 to 6 do seq(A(n+k,k), k=0..12) od; # _Yu-Sheng Chang_, Jan 16 2020
%o A085484 (PARI) A85484=Map(); A085484(n,k)={if(n>k, [n,k]=[k,n], !k, return(1), n==k, n=!k++); mapisdefined(A85484, [n,k])|| mapput(A85484,[n,k], if(n, A085484(n-1,k)+A085484(n,k-1), sum(m=0,k-1, binomial(k-1,m)*A085484(m,k-1-m)))); mapget(A85484,[n,k])} \\ _M. F. Hasler_, Feb 17 2020
%Y A085484 Cf. A085485 (first row and diagonal), A085486 (antidiagonal sums).
%K A085484 nonn,tabl
%O A085484 0,4
%A A085484 _Paul D. Hanna_, Jul 02 2003
%E A085484 a(17)-a(18) corrected by _Yu-Sheng Chang_, Jan 16 2020
%E A085484 Name edited by _M. F. Hasler_, Feb 17 2020
