%I A235026 #6 Jun 20 2022 21:18:31
%S A235026 88,332,332,1248,1200,1248,4704,4312,4312,4704,17728,15572,14800,
%T A235026 15572,17728,66848,56276,51220,51220,56276,66848,252032,203768,177520,
%U A235026 170568,177520,203768,252032,950464,738516,617600,569352,569352,617600,738516
%N A235026 T(n,k) is the number of (n+1) X (k+1) 0..5 arrays with every 2 X 2 subblock having its diagonal sum differing from its antidiagonal sum by 3, with no adjacent elements equal (constant-stress tilted 1 X 1 tilings).
%C A235026 Table starts
%C A235026         88      332     1248      4704     17728      66848     252032
%C A235026        332     1200     4312     15572     56276     203768     738516
%C A235026       1248     4312    14800     51220    177520     617600    2152744
%C A235026       4704    15572    51220    170568    569352    1912444    6442252
%C A235026      17728    56276   177520    569352   1830768    5939792   19332816
%C A235026      66848   203768   617600   1912444   5939792   18670696   58903452
%C A235026     252032   738516  2152744   6442252  19332816   58903452  180093160
%C A235026     950464  2680636  7527124  21811720  63383104  187635828  557393032
%C A235026    3583744  9738960 26367488  74044552 208419288  599716544 1730627064
%C A235026   13515392 35432228 92632604 252514496 689828084 1933347092 5432005844
%H A235026 R. H. Hardin, <a href="/A235026/b235026.txt">Table of n, a(n) for n = 1..161</a>
%F A235026 Empirical for column k:
%F A235026 k=1: a(n) = 18*a(n-2) -56*a(n-4) +32*a(n-6).
%F A235026 k=2: [order 21].
%F A235026 k=3: [order 63].
%e A235026 Some solutions for n=4, k=4:
%e A235026   3 4 3 5 4      2 3 2 0 1      2 3 2 1 3      0 4 0 5 1
%e A235026   2 0 2 1 3      4 2 4 5 3      1 5 1 3 2      1 2 1 3 2
%e A235026   0 1 0 2 1      0 1 0 4 5      2 3 2 1 3      5 3 5 4 0
%e A235026   5 3 5 4 0      1 5 1 2 0      4 2 4 0 5      0 1 0 2 1
%e A235026   1 2 1 3 2      0 1 0 4 5      3 4 3 2 4      1 5 1 0 2
%K A235026 nonn,tabl
%O A235026 1,1
%A A235026 _R. H. Hardin_, Jan 02 2014
