%I A234921 #6 Jun 20 2022 20:44:54
%S A234921 40,120,120,376,360,376,1200,1128,1128,1200,3848,3912,3684,3912,3848,
%T A234921 12360,13368,13336,13336,13368,12360,39720,47980,49056,55492,49056,
%U A234921 47980,39720,127664,169128,186500,221272,221272,186500,169128,127664,410344
%N A234921 T(n,k) is the number of (n+1) X (k+1) 0..4 arrays with every 2 X 2 subblock having its diagonal sum differing from its antidiagonal sum by 2, with no adjacent elements equal (constant-stress tilted 1 X 1 tilings).
%C A234921 Table starts
%C A234921        40     120      376      1200       3848       12360        39720
%C A234921       120     360     1128      3912      13368       47980       169128
%C A234921       376    1128     3684     13336      49056      186500       710304
%C A234921      1200    3912    13336     55492     221272      990956      4151672
%C A234921      3848   13368    49056    221272     991144     4834440     22970144
%C A234921     12360   47980   186500    990956    4834440    28854040    150606424
%C A234921     39720  169128   710304   4151672   22970144   150606424    911837036
%C A234921    127664  615344  2755840  19178920  115287720   948274980   6251426440
%C A234921    410344 2208840 10693364  82629808  562322520  5093099972  39266933948
%C A234921   1318968 8101636 42087616 389619632 2874164624 33282246680 276635826688
%H A234921 R. H. Hardin, <a href="/A234921/b234921.txt">Table of n, a(n) for n = 1..180</a>
%F A234921 Empirical for column k:
%F A234921 k=1: a(n) = 4*a(n-1) -2*a(n-2) -2*a(n-3) +a(n-4).
%F A234921 k=2: [order 13].
%F A234921 k=3: [order 19].
%F A234921 k=4: [order 54].
%e A234921 Some solutions for n=4, k=4:
%e A234921   3 2 1 2 1      2 3 0 3 0      4 3 1 3 4      3 0 1 2 3
%e A234921   2 3 0 3 0      1 4 3 4 3      3 4 0 4 3      4 3 2 1 0
%e A234921   3 2 1 2 1      2 3 4 3 4      4 3 1 3 0      3 4 1 2 3
%e A234921   0 1 2 1 2      1 0 3 4 3      3 4 0 4 3      2 1 0 3 2
%e A234921   1 0 3 0 3      4 1 2 1 2      0 3 1 3 4      3 0 1 2 3
%K A234921 nonn,tabl
%O A234921 1,1
%A A234921 _R. H. Hardin_, Jan 01 2014
