%I A234490 #6 Jun 20 2022 20:33:36
%S A234490 62,242,242,944,926,944,3686,3540,3540,3686,14402,13554,13260,13554,
%T A234490 14402,56312,51950,49784,49784,51950,56312,220334,199340,187196,
%U A234490 183422,187196,199340,220334,862706,765738,705072,677138,677138,705072,765738
%N A234490 T(n,k) is the number of (n+1) X (k+1) 0..3 arrays with every 2 X 2 subblock having its diagonal sum differing from its antidiagonal sum by 2 (constant-stress 1 X 1 tilings).
%C A234490 Table starts
%C A234490         62      242       944      3686      14402      56312      220334
%C A234490        242      926      3540     13554      51950     199340      765738
%C A234490        944     3540     13260     49784     187196     705072     2659824
%C A234490       3686    13554     49784    183422     677138    2505400     9288710
%C A234490      14402    51950    187196    677138    2455350    8928348    32545706
%C A234490      56312   199340    705072   2505400    8928348   31925284   114484712
%C A234490     220334   765738   2659824   9288710   32545706  114484712   404043442
%C A234490     862706  2944686  10049936  34509914  118945534  411823840  1431125914
%C A234490    3380192 11336132  38030588 128461544  435728940 1485448976  5084793448
%C A234490   13252982 43687010 144134184 479146446 1600124066 5373690488 18127421166
%H A234490 R. H. Hardin, <a href="/A234490/b234490.txt">Table of n, a(n) for n = 1..179</a>
%F A234490 Empirical for column k:
%F A234490 k=1: a(n) = 7*a(n-1) -9*a(n-2) -12*a(n-3).
%F A234490 k=2: a(n) = 10*a(n-1) -28*a(n-2) +a(n-3) +54*a(n-4) +24*a(n-5).
%F A234490 k=3: [order 11].
%F A234490 k=4: [order 18].
%F A234490 k=5: [order 31].
%e A234490 Some solutions for n=4, k=4:
%e A234490   2 2 0 2 1      0 3 0 1 2      0 0 2 3 2      0 1 2 2 2
%e A234490   3 1 1 1 2      2 3 2 1 0      1 3 3 2 3      3 2 1 3 1
%e A234490   1 1 3 1 0      1 0 1 2 3      1 1 3 0 3      1 2 3 3 3
%e A234490   0 2 2 2 3      0 1 0 3 2      0 2 2 1 2      0 3 2 0 2
%e A234490   3 3 1 3 2      0 3 0 1 2      0 0 2 3 2      2 3 0 0 0
%K A234490 nonn,tabl
%O A234490 1,1
%A A234490 _R. H. Hardin_, Dec 26 2013
