%I A234738 #7 Jun 20 2022 20:26:02
%S A234738 168,672,672,2184,2184,2184,8736,6048,6048,8736,29976,21048,14760,
%T A234738 21048,29976,119904,64320,45792,45792,64320,119904,426120,233016,
%U A234738 127032,127032,127032,233016,426120,1704480,760608,423072,319488,319488,423072,760608
%N A234738 T(n,k) is the number of (n+1) X (k+1) 0..7 arrays with every 2 X 2 subblock having its diagonal sum differing from its antidiagonal sum by 8 (constant-stress 1 X 1 tilings).
%C A234738 Table starts
%C A234738        168      672     2184     8736     29976    119904    426120    1704480
%C A234738        672     2184     6048    21048     64320    233016    760608    2827992
%C A234738       2184     6048    14760    45792    127032    423072   1283880    4481376
%C A234738       8736    21048    45792   127032    319488    972888   2723040    8836536
%C A234738      29976    64320   127032   319488    737160   2072256   5395128   16400256
%C A234738     119904   233016   423072   972888   2072256   5395128  13083552   37239960
%C A234738     426120   760608  1283880  2723040   5395128  13083552  29705640   79520352
%C A234738    1704480  2827992  4481376  8836536  16400256  37239960  79520352  200901240
%C A234738    6197208  9650112 14469624 26699136  46685256  99668544 200901240  480387840
%C A234738   24788832 36532344 52195488 90688728 150256320 302942136 578901408 1314864792
%H A234738 R. H. Hardin, <a href="/A234738/b234738.txt">Table of n, a(n) for n = 1..196</a>
%F A234738 Empirical for column k (the k=2 recurrence also works for column 1; apparently every row and column satisfies the same order 23 recurrence):
%F A234738 k=1: a(n) = 4*a(n-1) +34*a(n-2) -136*a(n-3) -369*a(n-4) +1476*a(n-5) +1260*a(n-6) -5040*a(n-7).
%F A234738 k=2..6: [same order 23 recurrence].
%e A234738 Some solutions for n=4, k=4:
%e A234738   5 2 4 2 5      4 2 5 0 5      7 4 6 3 6      7 1 6 2 7
%e A234738   2 7 1 7 2      1 7 2 5 2      2 7 1 6 1      1 3 0 4 1
%e A234738   3 0 2 0 3      4 2 5 0 5      5 2 4 1 4      6 0 5 1 6
%e A234738   1 6 0 6 1      1 7 2 5 2      1 6 0 5 0      1 3 0 4 1
%e A234738   4 1 3 1 4      4 2 5 0 5      7 4 6 3 6      7 1 6 2 7
%K A234738 nonn,tabl
%O A234738 1,1
%A A234738 _R. H. Hardin_, Dec 30 2013
