%I A234702 #6 Jun 20 2022 20:35:23
%S A234702 408,2628,2628,16848,13952,16848,109224,74308,74308,109224,704160,
%T A234702 409268,329984,409268,704160,4594320,2261220,1558600,1558600,2261220,
%U A234702 4594320,29782080,12903164,7424496,6480632,7424496,12903164,29782080,195532704
%N A234702 T(n,k) is the number of (n+1) X (k+1) 0..7 arrays with every 2 X 2 subblock having its diagonal sum differing from its antidiagonal sum by 5 (constant-stress 1 X 1 tilings).
%C A234702 Table starts
%C A234702          408        2628       16848      109224      704160     4594320
%C A234702         2628       13952       74308      409268     2261220    12903164
%C A234702        16848       74308      329984     1558600     7424496    37338544
%C A234702       109224      409268     1558600     6480632    27355272   123900992
%C A234702       704160     2261220     7424496    27355272   102856704   421924272
%C A234702      4594320    12903164    37338544   123900992   421924272  1588256456
%C A234702     29782080    73793620   189345872   568426072  1760111424  6105726016
%C A234702    195532704   434990348  1006857472  2764737872  7867555584 25353440600
%C A234702   1274237568  2565773508  5389971408 13583184744 35635123680
%C A234702   8416415808 15562814252 30077051488 70136986928
%H A234702 R. H. Hardin, <a href="/A234702/b234702.txt">Table of n, a(n) for n = 1..96</a>
%F A234702 Empirical for column k:
%F A234702 k=1: a(n) = 6*a(n-1) +90*a(n-2) -540*a(n-3) -2016*a(n-4) +12096*a(n-5).
%F A234702 k=2: [order 15].
%F A234702 k=3: [order 31].
%e A234702 Some solutions for n=2, k=4:
%e A234702   0 5 1 1 7      0 3 1 0 0      2 2 4 4 7      2 2 3 1 3
%e A234702   4 4 5 0 1      6 4 7 1 6      0 5 2 7 5      6 1 7 0 7
%e A234702   5 0 6 6 2      2 5 3 2 2      1 1 3 3 6      6 6 7 5 7
%K A234702 nonn,tabl
%O A234702 1,1
%A A234702 _R. H. Hardin_, Dec 29 2013
