%I A173739 #9 Jan 28 2019 04:06:26
%S A173739 2,3,3,6,4,6,13,8,8,13,30,18,14,18,30,71,46,28,28,46,71,170,122,70,48,
%T A173739 70,122,170,409,330,192,108,108,192,330,409,986,898,558,288,202,288,
%U A173739 558,898,986,2379,2450,1652,868,466,466,868,1652,2450,2379,5742,6690,4934,2728,1338,880,1338,2728,4934,6690,5742
%N A173739 Square array read by antidiagonals (n >= 1, k >= 2): T(n,k) = b(n,k) + b(k-1,n+1), where b(n,k) = ((1 + sqrt(k))^n - (1 - sqrt(k))^n)/(2*sqrt(k)).
%e A173739 Square array begins:
%e A173739   n\k |   2   3    4    5    6    7     8     9 ...
%e A173739   -------------------------------------------------
%e A173739     1 |   2   3    6   13   30   71   170   409 ...
%e A173739     2 |   3   4    8   18   46  122   330   898 ...
%e A173739     3 |   6   8   14   28   70  192   558  1652 ...
%e A173739     4 |  13  18   28   48  108  288   868  2728 ...
%e A173739     5 |  30  46   70  108  202  466  1338  4264 ...
%e A173739     6 |  71 122  192  288  466  880  2174  6560 ...
%e A173739     7 | 170 330  558  868 1338 2174  4286 10888 ...
%e A173739     8 | 409 898 1652 2728 4264 6560 10888 21760 ...
%e A173739     ...
%t A173739 a[n_, q_] = ((1 + Sqrt[q])^n - (1 - Sqrt[q])^n)/(2*Sqrt[q]);
%t A173739 b = Table[Table[FullSimplify[ExpandAll[a[n, q]]], {n, 1, 11}], {q, 2, 12}];
%t A173739 c = (b + Transpose[b]);
%t A173739 Table[Table[c[[m, n - m + 1]], {m, 1, n}], {n, 1, 10}] // Flatten
%o A173739 (Maxima)
%o A173739 b(n, q) := ((1 + sqrt(q))^n - (1 - sqrt(q))^n)/(2*sqrt(q))$
%o A173739 T(n, k) := b(n, k) + b(k - 1, n + 1)$
%o A173739 create_list(fullratsimp(T(k - 1, n - k + 3)), n, 1, 20, k, 2, n + 1);
%o A173739 /* _Franck Maminirina Ramaharo_, Jan 27 2019 */
%Y A173739 Cf. A173738.
%K A173739 nonn,easy,tabl
%O A173739 1,1
%A A173739 _Roger L. Bagula_, Feb 23 2010
%E A173739 Edited by _Franck Maminirina Ramaharo_, Jan 27 2019
