%I A173738 #15 Jan 28 2019 04:07:32
%S A173738 2,2,2,4,2,4,8,5,5,8,18,11,10,11,18,42,29,19,19,29,42,100,77,48,32,48,
%T A173738 77,100,240,209,129,75,75,129,209,240,578,569,374,198,146,198,374,569,
%U A173738 578,1394,1553,1103,601,333,333,601,1103,1553,1394,3364,4241,3292,1884,960,632,960,1884,3292,4241,3364
%N A173738 Square array read by antidiagonals (n >= 0, k >= 2): T(n,k) = b(n,k) + b(k-2,n+2), where b(n,k) = ((1 + sqrt(k))^n + (1 - sqrt(k))^n)/2.
%H A173738 G. C. Greubel, <a href="/A173738/b173738.txt">Antidiagonals n = 0..50, flattened</a>
%e A173738 Square array begins:
%e A173738   n\k |   2   3    4    5    6    7    8     9 ...
%e A173738   ------------------------------------------------
%e A173738     0 |   2   2    4    8   18   42  100   240 ...
%e A173738     1 |   2   2    5   11   29   77  209   569 ...
%e A173738     2 |   4   5   10   19   48  129  374  1103 ...
%e A173738     3 |   8  11   19   32   75  198  601  1884 ...
%e A173738     4 |  18  29   48   75  146  333  960  3035 ...
%e A173738     5 |  42  77  129  198  333  632 1585  4760 ...
%e A173738     6 | 100 209  374  601  960 1585 3186  8073 ...
%e A173738     7 | 240 569 1103 1884 3035 4760 8073 16256 ...
%e A173738     ...
%t A173738 a[n_, q_] = ((1 + Sqrt[q])^n + (1 - Sqrt[q])^n)/2;
%t A173738 b = Table[Table[FullSimplify[ExpandAll[a[n, q]]], {n, 0, 10}], {q, 2, 12}];
%t A173738 c = (b + Transpose[b]);
%t A173738 Table[Table[c[[m, n - m + 1]], {m, 1, n}], {n, 1, 10}] // Flatten
%o A173738 (Maxima)
%o A173738 b(n, k) := ((1 + sqrt(k))^n + (1 - sqrt(k))^n)/2$
%o A173738 T(n, k) := b(n, k) + b(k - 2, n + 2)$
%o A173738 create_list(fullratsimp(T(k - 2, n - k + 4)), n, 0, 20, k, 2, n + 2);
%o A173738 /* _Franck Maminirina Ramaharo_, Jan 27 2019 */
%Y A173738 Cf. A173739.
%K A173738 nonn,easy,tabl
%O A173738 0,1
%A A173738 _Roger L. Bagula_, Feb 23 2010
%E A173738 Edited by _Franck Maminirina Ramaharo_, Jan 27 2019
