%I A389687 #10 Oct 27 2025 00:19:44
%S A389687 1,1,1,1,1,1,1,3,3,1,1,7,12,7,1,1,17,58,58,17,1,1,41,293,540,293,41,1,
%T A389687 1,99,1481,5331,5331,1481,99,1,1,239,7484,53431,101950,53431,7484,239,
%U A389687 1,1,577,37832,536950,1988608,1988608,536950,37832,577,1,1,1393,191285,5398054,39005563,75185550,39005563,5398054,191285,1393,1
%N A389687 Array read by antidiagonals: T(n,m) is the number of n X m binary arrays with all 1's connected, and all corners 1.
%H A389687 Andrew Howroyd, <a href="/A389687/b389687.txt">Table of n, a(n) for n = 1..435</a> (first 29 antidiagonals)
%F A389687 T(n,m) = T(m,n).
%e A389687 Array begins:
%e A389687 ===========================================================
%e A389687 n\k | 1  2    3      4        5          6            7 ...
%e A389687 ----+------------------------------------------------------
%e A389687   1 | 1  1    1      1        1          1            1 ...
%e A389687   2 | 1  1    3      7       17         41           99 ...
%e A389687   3 | 1  3   12     58      293       1481         7484 ...
%e A389687   4 | 1  7   58    540     5331      53431       536950 ...
%e A389687   5 | 1 17  293   5331   101950    1988608     39005563 ...
%e A389687   6 | 1 41 1481  53431  1988608   75185550   2858390497 ...
%e A389687   7 | 1 99 7484 536950 39005563 2858390497 210133770712 ...
%e A389687    ...
%Y A389687 Main diagonal is A163046.
%Y A389687 Columns 1..10 are A000012, A001333(n+1), A163047, A163048, A163049, A163050, A163051, A163052, A163053, A163054.
%Y A389687 Cf. A287151, A292357, A359573, A359574.
%K A389687 nonn,tabl
%O A389687 1,8
%A A389687 _Andrew Howroyd_, Oct 26 2025
