%I A049727 #9 Aug 14 2024 10:01:21
%S A049727 1,2,2,3,3,3,4,4,4,4,5,5,6,5,5,6,6,7,7,6,6,7,7,9,10,9,7,7,8,8,10,11,
%T A049727 11,10,8,8,9,9,12,13,15,13,12,9,9,10,10,13,16,16,16,16,13,10,10,11,11,
%U A049727 15,17,19,21,19,17,15,11,11,12,12,16,19,21,22
%N A049727 Array T read by diagonals; T(i,j)=number of lattice points in triangle (possibly degenerate) with vertices (0,0),(i,0),(i,j).
%e A049727  1  2  3  4  5  6  7  8  9 10 11 ...
%e A049727  2  3  4  5  6  7  8  9 10 11 12 ...
%e A049727  3  4  6  7  9 10 12 13 15 16 18 ...
%e A049727  4  5  7 10 11 13 16 17 19 22 23 ...
%e A049727  5  6  9 11 15 16 19 21 25 26 29 ...
%e A049727  6  7 10 13 16 21 22 25 28 31 36 ...
%e A049727  7  8 12 16 19 22 28 29 33 37 40 ...
%e A049727  8  9 13 17 21 25 29 36 37 41 45 ...
%e A049727  9 10 15 19 25 28 33 37 45 46 51 ...
%e A049727 10 11 16 22 26 31 37 41 46 55 56 ...
%e A049727 11 12 18 23 29 36 40 45 51 56 66 ...
%p A049727 A049727 := proc(n,k)
%p A049727     if n = 0 then
%p A049727         1+k;
%p A049727     else
%p A049727         add(1+floor(k*x/n),x=0..n) ;
%p A049727     end if;
%p A049727 end proc:
%p A049727 seq(seq(A049727(d-k,k),k=0..d),d=0..12) ; # _R. J. Mathar_, Oct 26 2015
%Y A049727 Cf. A000217 (diagonal).
%K A049727 nonn,tabl
%O A049727 0,2
%A A049727 _Clark Kimberling_
