%I A392417 #6 Jan 13 2026 19:34:03
%S A392417 2,4,4,7,15,7,11,41,41,11,16,94,190,94,16,22,190,678,678,190,22,29,
%T A392417 349,2006,3771,2006,349,29,37,595,5130,16724,16724,5130,595,37,46,956,
%U A392417 11680,61382,109812,61382,11680,956,46,56,1464,24224,192280,581229,581229,192280,24224,1464,56
%N A392417 Array read by antidiagonals: T(m,n) is the number of mutual-visibility sets in the grid graph P_m X P_n.
%H A392417 Andrew Howroyd, <a href="/A392417/b392417.txt">Table of n, a(n) for n = 1..91</a> (first 13 antidiagonals)
%H A392417 Eric Weisstein's World of Mathematics, <a href="https://mathworld.wolfram.com/GridGraph.html">Grid Graph</a>.
%H A392417 Eric Weisstein's World of Mathematics, <a href="https://mathworld.wolfram.com/VisibilityPolynomial.html">Visibility Polynomial</a>.
%F A392417 T(m,n) = T(n,m).
%e A392417 Array begins:
%e A392417 ========================================================
%e A392417 n\k |  1   2     3      4       5        6         7 ...
%e A392417 ----+---------------------------------------------------
%e A392417   1 |  2   4     7     11      16       22        29 ...
%e A392417   2 |  4  15    41     94     190      349       595 ...
%e A392417   3 |  7  41   190    678    2006     5130     11680 ...
%e A392417   4 | 11  94   678   3771   16724    61382    192280 ...
%e A392417   5 | 16 190  2006  16724  109812   581229   2547280 ...
%e A392417   6 | 22 349  5130  61382  581229  4387638  26928938 ...
%e A392417   7 | 29 595 11680 192280 2547280 26928938 229485587 ...
%e A392417   ...
%Y A392417 Main diagonal is A392418.
%Y A392417 Rows 1..4 are A000124, A389183, A392419, A392420.
%K A392417 nonn,tabl,new
%O A392417 1,1
%A A392417 _Andrew Howroyd_, Jan 13 2026
