%I A391820 #6 Dec 21 2025 17:31:16
%S A391820 1,3,3,6,13,6,10,33,33,10,15,69,108,69,15,21,131,291,291,131,21,28,
%T A391820 235,710,1044,710,235,28,36,407,1635,3408,3408,1635,407,36,45,689,
%U A391820 3640,10373,15118,10373,3640,689,45,55,1149,7939,30203,61944,61944,30203,7939,1149,55
%N A391820 Array read by antidiagonals: T(m,n) is the number of m X n binary arrays with all 1's connected and no 1 having more than two 1's adjacent.
%C A391820 Equivalently, the number of induced cycles or induced paths including singleton vertices in the m X n grid graph.
%H A391820 Andrew Howroyd, <a href="/A391820/b391820.txt">Table of n, a(n) for n = 1..435</a> (first 29 antidiagonals)
%H A391820 Eric Weisstein's World of Mathematics, <a href="https://mathworld.wolfram.com/GridGraph.html">Grid Graph</a>.
%F A391820 T(m,n) = A360196(m,n) + A360199(m,n) + m*n.
%F A391820 T(m,n) = T(n,m).
%e A391820 Array begins:
%e A391820 =============================================================
%e A391820 n\k |  1   2    3     4      5       6        7         8 ...
%e A391820 ----+--------------------------------------------------------
%e A391820   1 |  1   3    6    10     15      21       28        36 ...
%e A391820   2 |  3  13   33    69    131     235      407       689 ...
%e A391820   3 |  6  33  108   291    710    1635     3640      7939 ...
%e A391820   4 | 10  69  291  1044   3408   10373    30203     85558 ...
%e A391820   5 | 15 131  710  3408  15118   61944   241112    913376 ...
%e A391820   6 | 21 235 1635 10373  61944  338008  1736927   8698183 ...
%e A391820   7 | 28 407 3640 30203 241112 1736927 11612695  75442684 ...
%e A391820   8 | 36 689 7939 85558 913376 8698183 75442684 631125163 ...
%e A391820   ...
%Y A391820 Main diagonal is A391821.
%Y A391820 Cf. A360196, A360199, A391822.
%K A391820 nonn,tabl,new
%O A391820 1,2
%A A391820 _Andrew Howroyd_, Dec 21 2025
