%I A391818 #11 Dec 21 2025 17:31:24
%S A391818 1,1,1,1,3,1,1,5,5,1,1,8,17,8,1,1,13,39,39,13,1,1,20,83,132,83,20,1,1,
%T A391818 32,175,389,389,175,32,1,1,52,375,1095,1561,1095,375,52,1,1,85,807,
%U A391818 3107,5808,5808,3107,807,85,1,1,138,1732,8790,21608,27874,21608,8790,1732,138,1
%N A391818 Array read by antidiagonals: T(m,n) is the number of m X n binary arrays with all 1's connected, a path of 1's from upper left corner to lower right corner, and no 1 having more than two 1's adjacent.
%H A391818 Andrew Howroyd, <a href="/A391818/b391818.txt">Table of n, a(n) for n = 1..435</a> (first 29 antidiagonals)
%F A391818 T(m,n) = T(n,m).
%e A391818 Array begins:
%e A391818 =====================================================
%e A391818 n\k | 1  2   3    4     5      6       7        8 ...
%e A391818 ----+------------------------------------------------
%e A391818   1 | 1  1   1    1     1      1       1        1 ...
%e A391818   2 | 1  3   5    8    13     20      32       52 ...
%e A391818   3 | 1  5  17   39    83    175     375      807 ...
%e A391818   4 | 1  8  39  132   389   1095    3107     8790 ...
%e A391818   5 | 1 13  83  389  1561   5808   21608    81280 ...
%e A391818   6 | 1 20 175 1095  5808  27874  132950   650001 ...
%e A391818   7 | 1 32 375 3107 21608 132950  809249  5091285 ...
%e A391818   8 | 1 52 807 8790 81280 650001 5091285 41309900 ...
%e A391818   ...
%Y A391818 Main diagonal is A163684.
%Y A391818 Rows 1..10 are A000012, A163685, A163686, A163687, A163688, A163689, A163690, A163691, A163692, A163693.
%Y A391818 Cf. A359573, A391819, A391820, A391822.
%K A391818 nonn,tabl
%O A391818 1,5
%A A391818 _Andrew Howroyd_, Dec 20 2025
