%I A391259 #12 Dec 04 2025 16:43:31
%S A391259 2,3,3,6,5,6,5,15,15,5,18,7,90,7,18,15,75,35,35,75,15,30,35,1350,11,
%T A391259 1350,35,30,7,105,525,245,245,525,105,7,90,11,3150,77,101250,77,3150,
%U A391259 11,90,75,525,77,385,18375,18375,385,77,525,75,270,245,47250,13,330750,2695,330750,13,47250,245,270
%N A391259 Square array A(n,k), read by antidiagonals: product of two Stern polynomials, B(n,x) and B(k,x), converted to a natural number via prime factorization encoding explained in A297845.
%C A391259 See also array A391260.
%H A391259 Antti Karttunen, <a href="/A391259/b391259.txt">Table of n, a(n) for n = 1..10440; the first 144 antidiagonals</a>
%F A391259 A(n, k) = A297845(A260443(n), A260443(k)).
%e A391259 The top left corner of the array:
%e A391259 n\k|  1    2      3     4         5        6          7      8            9
%e A391259 ---+-------------------------------------------------------------------------
%e A391259 1  |  2,   3,     6,    5,       18,      15,        30,     7,          90,
%e A391259 2  |  3,   5,    15,    7,       75,      35,       105,    11,         525,
%e A391259 3  |  6,  15,    90,   35,     1350,     525,      3150,    77,       47250,
%e A391259 4  |  5,   7,    35,   11,      245,      77,       385,    13,        2695,
%e A391259 5  | 18,  75,  1350,  245,   101250,   18375,    330750,   847,    24806250,
%e A391259 6  | 15,  35,   525,   77,    18375,    2695,     40425,   143,     1414875,
%e A391259 7  | 30, 105,  3150,  385,   330750,   40425,   1212750,  1001,   127338750,
%e A391259 8  |  7,  11,    77,   13,      847,     143,      1001,    17,       11011,
%e A391259 9  | 90, 525, 47250, 2695, 24806250, 1414875, 127338750, 11011, 66852843750,
%e A391259 .
%e A391259 Stern polynomials (see A125184) B(3,x) and B(5,x) are (x+1) and (2*x + 1), with their product = 2*x^2 + 3*x + 1, for which the corresponding integer is 2 * 3^3 * 5^2 = 1350, therefore A(3, 5) = A(5, 3) = 1350.
%o A391259 (PARI)
%o A391259 up_to = 105;
%o A391259 memo_for_ps = Map();
%o A391259 ps(n) = if(n<2, n, my(v); if(mapisdefined(memo_for_ps,n,&v), v, v = if(n%2, ps(n\2)+ps(n\2+1), 'x*ps(n\2)); mapput(memo_for_ps,n,v); (v)));
%o A391259 p2r(p) = { my(v=Vecrev(Vec(p))); prod(i=1,#v,prime(i)^v[i]); }; \\ For the polynomials that are products of ps(i) and ps(j) this is guaranteed to return an integer
%o A391259 A391259sq(n, k) = p2r(ps(n)*ps(k));
%o A391259 A391259list(up_to) = { my(v = vector(up_to), i=0); for(a=1,oo, for(col=1,a, i++; if(i > up_to, return(v)); v[i] = A391259sq((a-(col-1)), col))); (v); };
%o A391259 v391259 = A391259list(up_to);
%o A391259 A391259(n) = v391259[n];
%Y A391259 Column 1 and row 1: A260443 (without its initial 1).
%Y A391259 Cf. A125184, A206284, A297845, A391260.
%K A391259 nonn,tabl,new
%O A391259 1,1
%A A391259 _Antti Karttunen_, Dec 04 2025
