%I A342859 #21 Apr 22 2021 17:50:56
%S A342859 0,1,1,2,1,2,3,2,2,3,4,3,3,3,4,5,4,5,5,4,5,6,5,8,7,8,5,6,7,6,11,11,11,
%T A342859 11,6,7,8,7,14,17,17,17,14,7,8,9,8,17,24,26,26,24,17,8,9,10,9,20,31,
%U A342859 39,39,39,31,20,9,10,11,10,23,38,55,60,60,55,38,23,10,11
%N A342859 Table read by antidiagonals: T(n,k) = max(n,k) if n < 2 or k < 2; T(n,k) = T(n-1,k-1) + T(n-1,k-2) + T(n-2,k-1) otherwise.
%e A342859   0,  1,  2,  3,  4,   5,   6,   7,    8,    9,    10,   11,   12
%e A342859   1,  1,  2,  3,  4,   5,   6,   7,    8,    9,    10,   11,   12
%e A342859   2,  2,  3,  5,  8,   11,  14,  17,   20,   23,   26,   29,   32
%e A342859   3,  3,  5,  7,  11,  17,  24,  31,   38,   45,   52,   59,   66
%e A342859   4,  4,  8,  11, 17,  26,  39,  55,   72,   89,   106,  123,  140
%e A342859   5,  5,  11, 17, 26,  39,  60,  89,   125,  165,  206,  247,  288
%e A342859   6,  6,  14, 24, 39,  60,  91,  138,  204,  286,  379,  477,  576
%e A342859   7,  7,  17, 31, 55,  89,  138, 211,  318,  467,  655,  871,  1103
%e A342859   8,  8,  20, 38, 72,  125, 204, 318,  487,  733,  1071, 1501, 2003
%e A342859   9,  9,  23, 45, 89,  165, 286, 467,  733,  1123, 1687, 2459, 3443
%e A342859   10, 10, 26, 52, 106, 206, 379, 655,  1071, 1687, 2589, 3881, 5647
%e A342859   11, 11, 29, 59, 123, 247, 477, 871,  1501, 2459, 3881, 5963, 8929
%e A342859   12, 12, 32, 66, 140, 288, 576, 1103, 2003, 3443, 5647, 8929, 13725
%t A342859 A[m_,n_]:= A[m,n] = Which[m < n, A[n,m], n < 2 || m < 2, Max[m, n],True,
%t A342859   A[m-1, n-1] + A[m-1,n-2] + A[m-2,n-1]]; Table[A[k,n-k],{n,0,12},{k,0,n}] // Flatten
%o A342859 (PARI) A342859(n,k) = if(n<2||k<2, max(n,k), A342859(n-1,k-1)+A342859(n-1,k-2)+A342859(n-2,k-1)); \\ _Antti Karttunen_, Mar 28 2021
%Y A342859 Cf. A342600 (main diagonal).
%K A342859 nonn,tabl
%O A342859 0,4
%A A342859 _José María Grau Ribas_, Mar 26 2021
