%I A364457 #25 Jul 26 2023 19:28:54
%S A364457 1,1,1,1,0,1,1,1,1,1,1,1,2,1,1,1,1,6,6,1,1,1,2,17,30,17,2,1,1,2,43,
%T A364457 145,145,43,2,1,1,3,108,733,1294,733,108,3,1,1,4,280,3540,12109,12109,
%U A364457 3540,280,4,1,1,5,727,17300,110017,215905,110017,17300,727,5,1
%N A364457 Number A(n,k) of tilings of a k X n rectangle using dominoes and trominoes (of any shape); square array A(n,k), n>=0, k>=0, read by antidiagonals.
%H A364457 Alois P. Heinz, <a href="/A364457/b364457.txt">Antidiagonals n = 0..25, flattened</a>
%H A364457 Wikipedia, <a href="https://en.wikipedia.org/wiki/Domino_(mathematics)">Domino (mathematics)</a>
%H A364457 Wikipedia, <a href="https://en.wikipedia.org/wiki/Tromino">Tromino</a>
%F A364457 A(n,k) = A(k,n).
%e A364457 A(3,2) = A(2,3) = 6:
%e A364457   .___.   .___.   .___.   .___.   .___.   .___.
%e A364457   | | |   |___|   | | |   |___|   | ._|   |_. |
%e A364457   | | |   |___|   |_|_|   | | |   |_| |   | |_|
%e A364457   |_|_|   |___|   |___|   |_|_|   |___|   |___|  .
%e A364457 .
%e A364457 Square array A(n,k) begins:
%e A364457   1, 1,   1,     1,       1,        1,          1,            1, ...
%e A364457   1, 0,   1,     1,       1,        2,          2,            3, ...
%e A364457   1, 1,   2,     6,      17,       43,        108,          280, ...
%e A364457   1, 1,   6,    30,     145,      733,       3540,        17300, ...
%e A364457   1, 1,  17,   145,    1294,    12109,     110017,      1014847, ...
%e A364457   1, 2,  43,   733,   12109,   215905,    3710880,     64589501, ...
%e A364457   1, 2, 108,  3540,  110017,  3710880,  118624712,   3899306587, ...
%e A364457   1, 3, 280, 17300, 1014847, 64589501, 3899306587, 239677657279, ...
%Y A364457 Columns (or rows) k=0-3 give: A000012, A182097(n) = A000931(n+3), A019439, A364460.
%Y A364457 Main diagonal gives A364504.
%Y A364457 Cf. A219866, A219987, A233320.
%K A364457 nonn,tabl,new
%O A364457 0,13
%A A364457 _Alois P. Heinz_, Jul 25 2023
