%I A357372 #8 Sep 26 2022 10:39:11
%S A357372 2,3,3,4,1,4,5,5,5,5,6,3,2,3,6,7,7,7,7,7,7,8,2,8,1,8,2,8,9,9,1,9,9,1,
%T A357372 9,9,10,5,10,5,2,5,10,5,10,11,11,11,11,11,11,11,11,11,11,12,3,4,3,12,
%U A357372 1,12,3,4,3,12,13,13,13,13,13,13,13,13,13,13,13,13
%N A357372 Square array A(n, k), n, k > 0, read by antidiagonals; A(n, k) is the numerator of 1/n + 1/k.
%C A357372 See A257522 for the corresponding denominators.
%H A357372 Rémy Sigrist, <a href="/A357372/b357372.txt">Table of n, a(n) for n = 1..10011</a>
%F A357372 A(n, k) = (n + k) / gcd(n + k, n*k).
%F A357372 A(n, k) = A(k, n).
%F A357372 A(n, 1) = n + 1.
%F A357372 A(n, n) = A000034(n).
%F A357372 A(n, n+1) = 2*n + 1.
%e A357372 Array A(n, k) begins:
%e A357372   n\k |  1   2   3   4   5   6   7   8   9  10  11  12  13
%e A357372   ----+---------------------------------------------------
%e A357372     1 |  2   3   4   5   6   7   8   9  10  11  12  13  14
%e A357372     2 |  3   1   5   3   7   2   9   5  11   3  13   7  15
%e A357372     3 |  4   5   2   7   8   1  10  11   4  13  14   5  16
%e A357372     4 |  5   3   7   1   9   5  11   3  13   7  15   1  17
%e A357372     5 |  6   7   8   9   2  11  12  13  14   3  16  17  18
%e A357372     6 |  7   2   1   5  11   1  13   7   5   4  17   1  19
%e A357372     7 |  8   9  10  11  12  13   2  15  16  17  18  19  20
%e A357372     8 |  9   5  11   3  13   7  15   1  17   9  19   5  21
%e A357372     9 | 10  11   4  13  14   5  16  17   2  19  20   7  22
%e A357372    10 | 11   3  13   7   3   4  17   9  19   1  21  11  23
%e A357372    11 | 12  13  14  15  16  17  18  19  20  21   2  23  24
%e A357372    12 | 13   7   5   1  17   1  19   5   7  11  23   1  25
%e A357372    13 | 14  15  16  17  18  19  20  21  22  23  24  25   2
%t A357372 Flatten[Table[Numerator[1/i + 1/(m - i)], {m, 13}, {i, m - 1}]]
%o A357372 (PARI) A(n,k) = numerator(1/n + 1/k)
%Y A357372 Cf. A000034, A257522.
%K A357372 nonn,tabl,easy,frac
%O A357372 1,1
%A A357372 _Rémy Sigrist_, Sep 25 2022
